1, 0.;
2, 0.;
3, 0.;
4, 0.;
5, 0.;
6, 0.;
7, 0.;
8, 0.050781;
9, 0.060547;
10, 0.056641;
11, 0.060547;
12, 0.064453;
13, 0.0625;
14, 0.064453;
15, 0.068359;
16, 0.064453;
17, 0.082031;
18, 0.076172;
19, 0.080078;
20, 0.074219;
21, 0.070312;
22, 0.078125;
23, 0.074219;
24, 0.076172;
25, 0.076172;
26, 0.074219;
27, 0.082031;
28, 0.083984;
29, 0.085938;
30, 0.101562;
31, 0.09375;
32, 0.095703;
33, 0.068359;
34, 0.070312;
35, 0.066406;
36, 0.060547;
37, 0.0625;
38, 0.064453;
39, 0.060547;
40, 0.066406;
41, 0.058594;
42, 0.060547;
43, 0.054688;
44, 0.050781;
45, 0.058594;
46, 0.072266;
47, 0.064453;
48, 0.064453;
49, 0.066406;
50, 0.070312;
51, 0.072266;
52, 0.070312;
53, 0.072266;
54, 0.070312;
55, 0.074219;
56, 0.070312;
57, 0.0625;
58, 0.060547;
59, 0.056641;
60, 0.048828;
61, 0.050781;
62, 0.056641;
63, 0.044922;
64, 0.037109;
65, 0.03125;
66, 0.027344;
67, 0.029297;
68, 0.029297;
69, 0.035156;
70, 0.037109;
71, 0.037109;
72, 0.035156;
73, 0.041016;
74, 0.044922;
75, 0.041016;
76, 0.044922;
77, 0.048828;
78, 0.048828;
79, 0.048828;
80, 0.052734;
81, 0.050781;
82, 0.039062;
83, 0.041016;
84, 0.042969;
85, 0.054688;
86, 0.056641;
87, 0.058594;
88, 0.050781;
89, 0.060547;
90, 0.066406;
91, 0.060547;
92, 0.072266;
93, 0.0625;
94, 0.072266;
95, 0.072266;
96, 0.064453;
97, 0.0625;
98, 0.0625;
99, 0.058594;
100, 0.0625;
101, 0.060547;
102, 0.054688;
103, 0.052734;
104, 0.054688;
105, 0.052734;
106, 0.054688;
107, 0.052734;
108, 0.056641;
109, 0.052734;
110, 0.048828;
111, 0.044922;
112, 0.042969;
113, 0.039062;
114, 0.037109;
115, 0.039062;
116, 0.044922;
117, 0.041016;
118, 0.044922;
119, 0.041016;
120, 0.039062;
121, 0.046875;
122, 0.042969;
123, 0.042969;
124, 0.037109;
125, 0.035156;
126, 0.03125;
127, 0.025391;
128, 0.029297;
129, 0.064453;
130, 0.103516;
131, 0.140625;
132, 0.148438;
133, 0.152344;
134, 0.160156;
135, 0.164062;
136, 0.177734;
137, 0.189453;
138, 0.193359;
139, 0.195312;
140, 0.195312;
141, 0.201172;
142, 0.203125;
143, 0.193359;
144, 0.195312;
145, 0.191406;
146, 0.197266;
147, 0.201172;
148, 0.181641;
149, 0.175781;
150, 0.171875;
151, 0.160156;
152, 0.166016;
153, 0.162109;
154, 0.167969;
155, 0.15625;
156, 0.132812;
157, 0.142578;
158, 0.128906;
159, 0.130859;
160, 0.125;
161, 0.126953;
162, 0.123047;
163, 0.115234;
164, 0.123047;
165, 0.121094;
166, 0.123047;
167, 0.128906;
168, 0.115234;
169, 0.107422;
170, 0.103516;
171, 0.097656;
172, 0.117188;
173, 0.115234;
174, 0.132812;
175, 0.130859;
176, 0.113281;
177, 0.113281;
178, 0.103516;
179, 0.119141;
180, 0.109375;
181, 0.109375;
182, 0.107422;
183, 0.113281;
184, 0.117188;
185, 0.126953;
186, 0.136719;
187, 0.152344;
188, 0.136719;
189, 0.152344;
190, 0.154297;
191, 0.154297;
192, 0.164062;
193, 0.154297;
194, 0.169922;
195, 0.167969;
196, 0.164062;
197, 0.166016;
198, 0.158203;
199, 0.158203;
200, 0.179688;
201, 0.177734;
202, 0.205078;
203, 0.207031;
204, 0.197266;
205, 0.203125;
206, 0.205078;
207, 0.203125;
208, 0.208984;
209, 0.212891;
210, 0.212891;
211, 0.203125;
212, 0.193359;
213, 0.193359;
214, 0.191406;
215, 0.214844;
216, 0.238281;
217, 0.226562;
218, 0.193359;
219, 0.183594;
220, 0.185547;
221, 0.1875;
222, 0.177734;
223, 0.15625;
224, 0.15625;
225, 0.162109;
226, 0.171875;
227, 0.154297;
228, 0.144531;
229, 0.138672;
230, 0.134766;
231, 0.140625;
232, 0.134766;
233, 0.138672;
234, 0.144531;
235, 0.15625;
236, 0.158203;
237, 0.148438;
238, 0.152344;
239, 0.158203;
240, 0.134766;
241, 0.136719;
242, 0.115234;
243, 0.105469;
244, 0.09375;
245, 0.089844;
246, 0.083984;
247, 0.083984;
248, 0.064453;
249, 0.054688;
250, 0.050781;
251, 0.048828;
252, 0.048828;
253, 0.048828;
254, 0.042969;
255, 0.03125;
256, 0.042969;
257, 0.046875;
258, 0.048828;
259, 0.072266;
260, 0.072266;
261, 0.091797;
262, 0.103516;
263, 0.107422;
264, 0.099609;
265, 0.095703;
266, 0.132812;
267, 0.125;
268, 0.123047;
269, 0.138672;
270, 0.115234;
271, 0.105469;
272, 0.085938;
273, 0.074219;
274, 0.091797;
275, 0.078125;
276, 0.091797;
277, 0.099609;
278, 0.113281;
279, 0.115234;
280, 0.095703;
281, 0.101562;
282, 0.097656;
283, 0.132812;
284, 0.1875;
285, 0.185547;
286, 0.224609;
287, 0.220703;
288, 0.216797;
289, 0.244141;
290, 0.199219;
291, 0.255859;
292, 0.285156;
293, 0.34375;
294, 0.355469;
295, 0.333984;
296, 0.464844;
297, 0.503906;
298, 0.515625;
299, 0.550781;
300, 0.458984;
301, 0.460938;
302, 0.4375;
303, 0.404297;
304, 0.445312;
305, 0.412109;
306, 0.414062;
307, 0.439453;
308, 0.447266;
309, 0.445312;
310, 0.453125;
311, 0.462891;
312, 0.462891;
313, 0.447266;
314, 0.460938;
315, 0.455078;
316, 0.458984;
317, 0.445312;
318, 0.435547;
319, 0.433594;
320, 0.433594;
321, 0.462891;
322, 0.441406;
323, 0.4375;
324, 0.4375;
325, 0.423828;
326, 0.414062;
327, 0.408203;
328, 0.392578;
329, 0.390625;
330, 0.382812;
331, 0.382812;
332, 0.380859;
333, 0.376953;
334, 0.375;
335, 0.373047;
336, 0.375;
337, 0.369141;
338, 0.361328;
339, 0.376953;
340, 0.369141;
341, 0.384766;
342, 0.396484;
343, 0.384766;
344, 0.392578;
345, 0.408203;
346, 0.392578;
347, 0.396484;
348, 0.386719;
349, 0.390625;
350, 0.380859;
351, 0.384766;
352, 0.359375;
353, 0.316406;
354, 0.294922;
355, 0.253906;
356, 0.242188;
357, 0.232422;
358, 0.255859;
359, 0.277344;
360, 0.271484;
361, 0.267578;
362, 0.269531;
363, 0.246094;
364, 0.25;
365, 0.236328;
366, 0.224609;
367, 0.214844;
368, 0.203125;
369, 0.203125;
370, 0.201172;
371, 0.183594;
372, 0.173828;
373, 0.15625;
374, 0.158203;
375, 0.171875;
376, 0.181641;
377, 0.1875;
378, 0.195312;
379, 0.189453;
380, 0.169922;
381, 0.175781;
382, 0.175781;
383, 0.183594;
384, 0.183594;
385, 0.181641;
386, 0.181641;
387, 0.179688;
388, 0.162109;
389, 0.164062;
390, 0.166016;
391, 0.175781;
392, 0.175781;
393, 0.173828;
394, 0.169922;
395, 0.164062;
396, 0.166016;
397, 0.166016;
398, 0.167969;
399, 0.160156;
400, 0.142578;
401, 0.117188;
402, 0.111328;
403, 0.125;
404, 0.126953;
405, 0.134766;
406, 0.144531;
407, 0.140625;
408, 0.140625;
409, 0.130859;
410, 0.123047;
411, 0.117188;
412, 0.113281;
413, 0.117188;
414, 0.126953;
415, 0.115234;
416, 0.117188;
417, 0.107422;
418, 0.105469;
419, 0.083984;
420, 0.085938;
421, 0.083984;
422, 0.080078;
423, 0.083984;
424, 0.078125;
425, 0.078125;
426, 0.076172;
427, 0.072266;
428, 0.070312;
429, 0.064453;
430, 0.0625;
431, 0.064453;
432, 0.060547;
433, 0.0625;
434, 0.0625;
435, 0.052734;
436, 0.056641;
437, 0.054688;
438, 0.0625;
439, 0.0625;
440, 0.0625;
441, 0.064453;
442, 0.0625;
443, 0.0625;
444, 0.066406;
445, 0.064453;
446, 0.064453;
447, 0.066406;
448, 0.0625;
449, 0.0625;
450, 0.054688;
451, 0.058594;
452, 0.058594;
453, 0.066406;
454, 0.070312;
455, 0.076172;
456, 0.074219;
457, 0.072266;
458, 0.078125;
459, 0.078125;
460, 0.076172;
461, 0.076172;
462, 0.074219;
463, 0.082031;
464, 0.085938;
465, 0.087891;
466, 0.091797;
467, 0.095703;
468, 0.091797;
469, 0.105469;
470, 0.109375;
471, 0.119141;
472, 0.113281;
473, 0.111328;
474, 0.121094;
475, 0.119141;
476, 0.123047;
477, 0.136719;
478, 0.134766;
479, 0.136719;
480, 0.132812;
481, 0.125;
482, 0.115234;
483, 0.109375;
484, 0.105469;
485, 0.105469;
486, 0.113281;
487, 0.117188;
488, 0.119141;
489, 0.119141;
490, 0.105469;
491, 0.078125;
492, 0.066406;
493, 0.076172;
494, 0.083984;
495, 0.087891;
496, 0.091797;
497, 0.087891;
498, 0.080078;
499, 0.083984;
500, 0.080078;
501, 0.076172;
502, 0.0625;
503, 0.064453;
504, 0.058594;
505, 0.;
506, 0.;
507, 0.;
508, 0.;
509, 0.;
510, 0.;
511, 0.;
0, 0.;
