0, 0.078125;
1, 0.091797;
2, 0.095703;
3, 0.099609;
4, 0.103516;
5, 0.107422;
6, 0.111328;
7, 0.107422;
8, 0.113281;
9, 0.109375;
10, 0.140625;
11, 0.146484;
12, 0.15625;
13, 0.158203;
14, 0.162109;
15, 0.166016;
16, 0.181641;
17, 0.167969;
18, 0.167969;
19, 0.158203;
20, 0.154297;
21, 0.171875;
22, 0.150391;
23, 0.150391;
24, 0.138672;
25, 0.140625;
26, 0.148438;
27, 0.15625;
28, 0.15625;
29, 0.175781;
30, 0.195312;
31, 0.195312;
32, 0.201172;
33, 0.208984;
34, 0.195312;
35, 0.197266;
36, 0.154297;
37, 0.130859;
38, 0.119141;
39, 0.105469;
40, 0.103516;
41, 0.091797;
42, 0.083984;
43, 0.085938;
44, 0.078125;
45, 0.060547;
46, 0.058594;
47, 0.0625;
48, 0.080078;
49, 0.105469;
50, 0.103516;
51, 0.091797;
52, 0.095703;
53, 0.101562;
54, 0.107422;
55, 0.123047;
56, 0.117188;
57, 0.113281;
58, 0.117188;
59, 0.125;
60, 0.126953;
61, 0.115234;
62, 0.113281;
63, 0.119141;
64, 0.146484;
65, 0.152344;
66, 0.160156;
67, 0.154297;
68, 0.164062;
69, 0.148438;
70, 0.166016;
71, 0.140625;
72, 0.136719;
73, 0.15625;
74, 0.154297;
75, 0.152344;
76, 0.125;
77, 0.142578;
78, 0.148438;
79, 0.152344;
80, 0.134766;
81, 0.132812;
82, 0.115234;
83, 0.111328;
84, 0.128906;
85, 0.117188;
86, 0.142578;
87, 0.136719;
88, 0.144531;
89, 0.152344;
90, 0.162109;
91, 0.150391;
92, 0.142578;
93, 0.142578;
94, 0.158203;
95, 0.164062;
96, 0.160156;
97, 0.160156;
98, 0.144531;
99, 0.140625;
100, 0.130859;
101, 0.142578;
102, 0.169922;
103, 0.173828;
104, 0.175781;
105, 0.175781;
106, 0.173828;
107, 0.167969;
108, 0.195312;
109, 0.228516;
110, 0.214844;
111, 0.222656;
112, 0.224609;
113, 0.205078;
114, 0.199219;
115, 0.203125;
116, 0.201172;
117, 0.205078;
118, 0.203125;
119, 0.181641;
120, 0.193359;
121, 0.207031;
122, 0.205078;
123, 0.189453;
124, 0.207031;
125, 0.181641;
126, 0.175781;
127, 0.15625;
128, 0.166016;
129, 0.175781;
130, 0.189453;
131, 0.191406;
132, 0.185547;
133, 0.181641;
134, 0.173828;
135, 0.166016;
136, 0.160156;
137, 0.134766;
138, 0.160156;
139, 0.148438;
140, 0.154297;
141, 0.158203;
142, 0.160156;
143, 0.164062;
144, 0.142578;
145, 0.140625;
146, 0.140625;
147, 0.144531;
148, 0.136719;
149, 0.138672;
150, 0.123047;
151, 0.107422;
152, 0.097656;
153, 0.095703;
154, 0.089844;
155, 0.105469;
156, 0.103516;
157, 0.083984;
158, 0.091797;
159, 0.089844;
160, 0.09375;
161, 0.095703;
162, 0.089844;
163, 0.09375;
164, 0.080078;
165, 0.078125;
166, 0.089844;
167, 0.107422;
168, 0.105469;
169, 0.097656;
170, 0.082031;
171, 0.089844;
172, 0.087891;
173, 0.080078;
174, 0.080078;
175, 0.076172;
176, 0.076172;
177, 0.068359;
178, 0.056641;
179, 0.052734;
180, 0.039062;
181, 0.033203;
182, 0.042969;
183, 0.042969;
184, 0.029297;
185, 0.021484;
186, 0.033203;
187, 0.035156;
188, 0.044922;
189, 0.037109;
190, 0.039062;
191, 0.039062;
192, 0.044922;
193, 0.056641;
194, 0.054688;
195, 0.058594;
196, 0.056641;
197, 0.066406;
198, 0.078125;
199, 0.082031;
200, 0.068359;
201, 0.064453;
202, 0.076172;
203, 0.072266;
204, 0.070312;
205, 0.066406;
206, 0.076172;
207, 0.085938;
208, 0.074219;
209, 0.082031;
210, 0.089844;
211, 0.089844;
212, 0.089844;
213, 0.09375;
214, 0.083984;
215, 0.082031;
216, 0.074219;
217, 0.080078;
218, 0.070312;
219, 0.066406;
220, 0.078125;
221, 0.076172;
222, 0.078125;
223, 0.099609;
224, 0.117188;
225, 0.134766;
226, 0.130859;
227, 0.123047;
228, 0.123047;
229, 0.126953;
230, 0.121094;
231, 0.126953;
232, 0.126953;
233, 0.160156;
234, 0.162109;
235, 0.132812;
236, 0.142578;
237, 0.146484;
238, 0.138672;
239, 0.142578;
240, 0.144531;
241, 0.152344;
242, 0.128906;
243, 0.125;
244, 0.103516;
245, 0.095703;
246, 0.097656;
247, 0.107422;
248, 0.121094;
249, 0.130859;
250, 0.115234;
251, 0.105469;
252, 0.115234;
253, 0.091797;
254, 0.101562;
255, 0.115234;
256, 0.117188;
257, 0.115234;
258, 0.121094;
259, 0.130859;
260, 0.107422;
261, 0.087891;
262, 0.083984;
263, 0.095703;
264, 0.101562;
265, 0.109375;
266, 0.101562;
267, 0.117188;
268, 0.125;
269, 0.142578;
270, 0.126953;
271, 0.130859;
272, 0.134766;
273, 0.152344;
274, 0.167969;
275, 0.179688;
276, 0.181641;
277, 0.171875;
278, 0.169922;
279, 0.166016;
280, 0.166016;
281, 0.158203;
282, 0.160156;
283, 0.185547;
284, 0.183594;
285, 0.181641;
286, 0.179688;
287, 0.166016;
288, 0.173828;
289, 0.175781;
290, 0.179688;
291, 0.1875;
292, 0.175781;
293, 0.185547;
294, 0.177734;
295, 0.160156;
296, 0.158203;
297, 0.160156;
298, 0.15625;
299, 0.146484;
300, 0.146484;
301, 0.134766;
302, 0.134766;
303, 0.126953;
304, 0.109375;
305, 0.107422;
306, 0.095703;
307, 0.078125;
308, 0.074219;
309, 0.080078;
310, 0.083984;
311, 0.087891;
312, 0.087891;
313, 0.097656;
314, 0.082031;
315, 0.082031;
316, 0.074219;
317, 0.066406;
318, 0.058594;
319, 0.056641;
320, 0.03125;
321, 0.039062;
322, 0.03125;
323, 0.03125;
324, 0.03125;
325, 0.039062;
326, 0.050781;
327, 0.046875;
328, 0.041016;
329, 0.044922;
330, 0.044922;
331, 0.035156;
332, 0.041016;
333, 0.039062;
334, 0.044922;
335, 0.054688;
336, 0.060547;
337, 0.078125;
338, 0.09375;
339, 0.095703;
340, 0.109375;
341, 0.132812;
342, 0.128906;
343, 0.126953;
344, 0.119141;
345, 0.115234;
346, 0.123047;
347, 0.123047;
348, 0.119141;
349, 0.125;
350, 0.126953;
351, 0.125;
352, 0.134766;
353, 0.136719;
354, 0.130859;
355, 0.125;
356, 0.119141;
357, 0.123047;
358, 0.121094;
359, 0.123047;
360, 0.126953;
361, 0.136719;
362, 0.142578;
363, 0.134766;
364, 0.121094;
365, 0.109375;
366, 0.103516;
367, 0.103516;
368, 0.099609;
369, 0.095703;
370, 0.09375;
371, 0.09375;
372, 0.101562;
373, 0.107422;
374, 0.101562;
375, 0.107422;
376, 0.105469;
377, 0.082031;
378, 0.078125;
379, 0.0625;
380, 0.060547;
381, 0.052734;
382, 0.060547;
383, 0.068359;
384, 0.060547;
385, 0.0625;
386, 0.0625;
387, 0.066406;
388, 0.076172;
389, 0.078125;
390, 0.068359;
391, 0.078125;
392, 0.103516;
393, 0.115234;
394, 0.107422;
395, 0.113281;
396, 0.115234;
397, 0.121094;
398, 0.126953;
399, 0.126953;
400, 0.126953;
401, 0.123047;
402, 0.126953;
403, 0.128906;
404, 0.113281;
405, 0.113281;
406, 0.107422;
407, 0.109375;
408, 0.115234;
409, 0.132812;
410, 0.140625;
411, 0.160156;
412, 0.160156;
413, 0.164062;
414, 0.166016;
415, 0.152344;
416, 0.146484;
417, 0.115234;
418, 0.107422;
419, 0.103516;
420, 0.089844;
421, 0.09375;
422, 0.095703;
423, 0.087891;
424, 0.099609;
425, 0.095703;
426, 0.101562;
427, 0.101562;
428, 0.103516;
429, 0.111328;
430, 0.115234;
431, 0.121094;
432, 0.111328;
433, 0.123047;
434, 0.111328;
435, 0.107422;
436, 0.111328;
437, 0.113281;
438, 0.123047;
439, 0.140625;
440, 0.142578;
441, 0.121094;
442, 0.121094;
443, 0.115234;
444, 0.119141;
445, 0.111328;
446, 0.111328;
447, 0.115234;
448, 0.105469;
449, 0.101562;
450, 0.113281;
451, 0.132812;
452, 0.150391;
453, 0.146484;
454, 0.136719;
455, 0.134766;
456, 0.152344;
457, 0.154297;
458, 0.160156;
459, 0.148438;
460, 0.146484;
461, 0.152344;
462, 0.15625;
463, 0.162109;
464, 0.154297;
465, 0.167969;
466, 0.191406;
467, 0.179688;
468, 0.183594;
469, 0.171875;
470, 0.162109;
471, 0.158203;
472, 0.154297;
473, 0.152344;
474, 0.148438;
475, 0.132812;
476, 0.085938;
477, 0.072266;
478, 0.083984;
479, 0.089844;
480, 0.097656;
481, 0.111328;
482, 0.117188;
483, 0.111328;
484, 0.111328;
485, 0.095703;
486, 0.089844;
487, 0.095703;
488, 0.083984;
489, 0.083984;
490, 0.072266;
491, 0.078125;
492, 0.080078;
493, 0.087891;
494, 0.080078;
495, 0.074219;
496, 0.091797;
497, 0.09375;
498, 0.080078;
499, 0.080078;
500, 0.085938;
501, 0.083984;
502, 0.085938;
503, 0.101562;
504, 0.101562;
505, 0.128906;
506, 0.169922;
507, 0.166016;
508, 0.091797;
509, 0.085938;
510, 0.089844;
511, 0.080078;
