0, 0.179688;
1, 0.175781;
2, 0.166016;
3, 0.160156;
4, 0.164062;
5, 0.162109;
6, 0.144531;
7, 0.134766;
8, 0.15625;
9, 0.166016;
10, 0.166016;
11, 0.166016;
12, 0.162109;
13, 0.169922;
14, 0.15625;
15, 0.136719;
16, 0.115234;
17, 0.111328;
18, 0.107422;
19, 0.113281;
20, 0.117188;
21, 0.125;
22, 0.140625;
23, 0.134766;
24, 0.138672;
25, 0.140625;
26, 0.123047;
27, 0.125;
28, 0.123047;
29, 0.119141;
30, 0.109375;
31, 0.099609;
32, 0.097656;
33, 0.099609;
34, 0.099609;
35, 0.09375;
36, 0.089844;
37, 0.097656;
38, 0.09375;
39, 0.099609;
40, 0.107422;
41, 0.123047;
42, 0.126953;
43, 0.132812;
44, 0.138672;
45, 0.128906;
46, 0.115234;
47, 0.105469;
48, 0.107422;
49, 0.111328;
50, 0.09375;
51, 0.068359;
52, 0.037109;
53, 0.035156;
54, 0.037109;
55, 0.042969;
56, 0.037109;
57, 0.041016;
58, 0.044922;
59, 0.050781;
60, 0.050781;
61, 0.054688;
62, 0.050781;
63, 0.050781;
64, 0.060547;
65, 0.072266;
66, 0.074219;
67, 0.056641;
68, 0.064453;
69, 0.085938;
70, 0.087891;
71, 0.087891;
72, 0.097656;
73, 0.123047;
74, 0.117188;
75, 0.117188;
76, 0.113281;
77, 0.103516;
78, 0.107422;
79, 0.119141;
80, 0.121094;
81, 0.113281;
82, 0.113281;
83, 0.107422;
84, 0.095703;
85, 0.09375;
86, 0.097656;
87, 0.099609;
88, 0.101562;
89, 0.113281;
90, 0.125;
91, 0.128906;
92, 0.134766;
93, 0.134766;
94, 0.134766;
95, 0.140625;
96, 0.134766;
97, 0.126953;
98, 0.103516;
99, 0.105469;
100, 0.107422;
101, 0.107422;
102, 0.101562;
103, 0.109375;
104, 0.095703;
105, 0.097656;
106, 0.103516;
107, 0.105469;
108, 0.103516;
109, 0.123047;
110, 0.123047;
111, 0.119141;
112, 0.117188;
113, 0.103516;
114, 0.091797;
115, 0.087891;
116, 0.099609;
117, 0.121094;
118, 0.132812;
119, 0.111328;
120, 0.107422;
121, 0.095703;
122, 0.089844;
123, 0.074219;
124, 0.083984;
125, 0.087891;
126, 0.087891;
127, 0.089844;
128, 0.076172;
129, 0.066406;
130, 0.082031;
131, 0.091797;
132, 0.097656;
133, 0.113281;
134, 0.123047;
135, 0.134766;
136, 0.136719;
137, 0.148438;
138, 0.158203;
139, 0.158203;
140, 0.144531;
141, 0.128906;
142, 0.099609;
143, 0.082031;
144, 0.066406;
145, 0.085938;
146, 0.105469;
147, 0.119141;
148, 0.121094;
149, 0.130859;
150, 0.126953;
151, 0.128906;
152, 0.125;
153, 0.130859;
154, 0.134766;
155, 0.125;
156, 0.136719;
157, 0.138672;
158, 0.142578;
159, 0.117188;
160, 0.123047;
161, 0.111328;
162, 0.083984;
163, 0.076172;
164, 0.078125;
165, 0.105469;
166, 0.123047;
167, 0.130859;
168, 0.146484;
169, 0.144531;
170, 0.144531;
171, 0.136719;
172, 0.140625;
173, 0.142578;
174, 0.126953;
175, 0.119141;
176, 0.121094;
177, 0.125;
178, 0.125;
179, 0.125;
180, 0.123047;
181, 0.123047;
182, 0.121094;
183, 0.117188;
184, 0.097656;
185, 0.095703;
186, 0.099609;
187, 0.091797;
188, 0.082031;
189, 0.064453;
190, 0.0625;
191, 0.0625;
192, 0.0625;
193, 0.060547;
194, 0.058594;
195, 0.056641;
196, 0.054688;
197, 0.070312;
198, 0.078125;
199, 0.087891;
200, 0.087891;
201, 0.087891;
202, 0.085938;
203, 0.083984;
204, 0.078125;
205, 0.068359;
206, 0.066406;
207, 0.078125;
208, 0.085938;
209, 0.078125;
210, 0.078125;
211, 0.080078;
212, 0.101562;
213, 0.115234;
214, 0.117188;
215, 0.117188;
216, 0.134766;
217, 0.130859;
218, 0.142578;
219, 0.130859;
220, 0.138672;
221, 0.150391;
222, 0.154297;
223, 0.191406;
224, 0.207031;
225, 0.203125;
226, 0.222656;
227, 0.244141;
228, 0.240234;
229, 0.230469;
230, 0.228516;
231, 0.240234;
232, 0.236328;
233, 0.232422;
234, 0.197266;
235, 0.173828;
236, 0.169922;
237, 0.160156;
238, 0.132812;
239, 0.123047;
240, 0.138672;
241, 0.132812;
242, 0.128906;
243, 0.128906;
244, 0.113281;
245, 0.103516;
246, 0.123047;
247, 0.132812;
248, 0.15625;
249, 0.181641;
250, 0.179688;
251, 0.193359;
252, 0.205078;
253, 0.195312;
254, 0.195312;
255, 0.199219;
256, 0.208984;
257, 0.210938;
258, 0.21875;
259, 0.212891;
260, 0.181641;
261, 0.167969;
262, 0.150391;
263, 0.126953;
264, 0.097656;
265, 0.117188;
266, 0.113281;
267, 0.119141;
268, 0.125;
269, 0.126953;
270, 0.136719;
271, 0.167969;
272, 0.171875;
273, 0.175781;
274, 0.203125;
275, 0.212891;
276, 0.208984;
277, 0.185547;
278, 0.183594;
279, 0.1875;
280, 0.195312;
281, 0.183594;
282, 0.164062;
283, 0.158203;
284, 0.146484;
285, 0.138672;
286, 0.126953;
287, 0.121094;
288, 0.103516;
289, 0.097656;
290, 0.087891;
291, 0.060547;
292, 0.0625;
293, 0.0625;
294, 0.074219;
295, 0.070312;
296, 0.058594;
297, 0.058594;
298, 0.070312;
299, 0.076172;
300, 0.072266;
301, 0.068359;
302, 0.064453;
303, 0.064453;
304, 0.052734;
305, 0.039062;
306, 0.042969;
307, 0.044922;
308, 0.039062;
309, 0.035156;
310, 0.037109;
311, 0.037109;
312, 0.039062;
313, 0.039062;
314, 0.037109;
315, 0.041016;
316, 0.048828;
317, 0.083984;
318, 0.09375;
319, 0.101562;
320, 0.107422;
321, 0.119141;
322, 0.128906;
323, 0.152344;
324, 0.166016;
325, 0.173828;
326, 0.185547;
327, 0.201172;
328, 0.222656;
329, 0.222656;
330, 0.210938;
331, 0.224609;
332, 0.253906;
333, 0.246094;
334, 0.238281;
335, 0.255859;
336, 0.263672;
337, 0.259766;
338, 0.255859;
339, 0.236328;
340, 0.240234;
341, 0.25;
342, 0.236328;
343, 0.242188;
344, 0.234375;
345, 0.230469;
346, 0.224609;
347, 0.201172;
348, 0.175781;
349, 0.152344;
350, 0.140625;
351, 0.136719;
352, 0.130859;
353, 0.132812;
354, 0.144531;
355, 0.136719;
356, 0.125;
357, 0.099609;
358, 0.082031;
359, 0.072266;
360, 0.066406;
361, 0.074219;
362, 0.082031;
363, 0.083984;
364, 0.083984;
365, 0.082031;
366, 0.072266;
367, 0.074219;
368, 0.095703;
369, 0.099609;
370, 0.113281;
371, 0.121094;
372, 0.134766;
373, 0.136719;
374, 0.128906;
375, 0.123047;
376, 0.126953;
377, 0.132812;
378, 0.140625;
379, 0.140625;
380, 0.121094;
381, 0.123047;
382, 0.125;
383, 0.121094;
384, 0.123047;
385, 0.121094;
386, 0.109375;
387, 0.097656;
388, 0.097656;
389, 0.09375;
390, 0.082031;
391, 0.066406;
392, 0.0625;
393, 0.060547;
394, 0.056641;
395, 0.060547;
396, 0.048828;
397, 0.042969;
398, 0.039062;
399, 0.037109;
400, 0.035156;
401, 0.035156;
402, 0.029297;
403, 0.013672;
404, 0.011719;
405, 0.013672;
406, 0.015625;
407, 0.015625;
408, 0.013672;
409, 0.013672;
410, 0.017578;
411, 0.033203;
412, 0.027344;
413, 0.037109;
414, 0.033203;
415, 0.029297;
416, 0.042969;
417, 0.050781;
418, 0.058594;
419, 0.064453;
420, 0.070312;
421, 0.068359;
422, 0.080078;
423, 0.091797;
424, 0.099609;
425, 0.09375;
426, 0.099609;
427, 0.095703;
428, 0.089844;
429, 0.101562;
430, 0.113281;
431, 0.115234;
432, 0.097656;
433, 0.101562;
434, 0.109375;
435, 0.126953;
436, 0.119141;
437, 0.121094;
438, 0.130859;
439, 0.121094;
440, 0.115234;
441, 0.109375;
442, 0.109375;
443, 0.103516;
444, 0.107422;
445, 0.105469;
446, 0.101562;
447, 0.105469;
448, 0.101562;
449, 0.105469;
450, 0.085938;
451, 0.087891;
452, 0.087891;
453, 0.105469;
454, 0.128906;
455, 0.123047;
456, 0.130859;
457, 0.15625;
458, 0.150391;
459, 0.152344;
460, 0.144531;
461, 0.134766;
462, 0.125;
463, 0.107422;
464, 0.099609;
465, 0.099609;
466, 0.095703;
467, 0.085938;
468, 0.072266;
469, 0.060547;
470, 0.076172;
471, 0.076172;
472, 0.082031;
473, 0.083984;
474, 0.076172;
475, 0.066406;
476, 0.074219;
477, 0.072266;
478, 0.076172;
479, 0.0625;
480, 0.060547;
481, 0.060547;
482, 0.058594;
483, 0.064453;
484, 0.0625;
485, 0.072266;
486, 0.078125;
487, 0.078125;
488, 0.083984;
489, 0.083984;
490, 0.083984;
491, 0.085938;
492, 0.085938;
493, 0.080078;
494, 0.070312;
495, 0.064453;
496, 0.042969;
497, 0.041016;
498, 0.033203;
499, 0.019531;
500, 0.017578;
501, 0.009766;
502, 0.027344;
503, 0.035156;
504, 0.046875;
505, 0.048828;
506, 0.052734;
507, 0.058594;
508, 0.060547;
509, 0.072266;
510, 0.097656;
511, 0.099609;
