0, 0.09375;
1, 0.085938;
2, 0.091797;
3, 0.083984;
4, 0.085938;
5, 0.09375;
6, 0.087891;
7, 0.083984;
8, 0.074219;
9, 0.091797;
10, 0.085938;
11, 0.097656;
12, 0.09375;
13, 0.097656;
14, 0.087891;
15, 0.082031;
16, 0.089844;
17, 0.095703;
18, 0.085938;
19, 0.072266;
20, 0.080078;
21, 0.111328;
22, 0.095703;
23, 0.083984;
24, 0.072266;
25, 0.074219;
26, 0.082031;
27, 0.091797;
28, 0.099609;
29, 0.111328;
30, 0.119141;
31, 0.125;
32, 0.109375;
33, 0.107422;
34, 0.109375;
35, 0.101562;
36, 0.117188;
37, 0.115234;
38, 0.107422;
39, 0.091797;
40, 0.099609;
41, 0.111328;
42, 0.125;
43, 0.115234;
44, 0.107422;
45, 0.107422;
46, 0.09375;
47, 0.097656;
48, 0.097656;
49, 0.095703;
50, 0.097656;
51, 0.103516;
52, 0.101562;
53, 0.113281;
54, 0.125;
55, 0.140625;
56, 0.128906;
57, 0.125;
58, 0.119141;
59, 0.123047;
60, 0.119141;
61, 0.113281;
62, 0.105469;
63, 0.089844;
64, 0.097656;
65, 0.095703;
66, 0.09375;
67, 0.109375;
68, 0.105469;
69, 0.097656;
70, 0.105469;
71, 0.121094;
72, 0.119141;
73, 0.119141;
74, 0.109375;
75, 0.107422;
76, 0.117188;
77, 0.125;
78, 0.117188;
79, 0.113281;
80, 0.123047;
81, 0.136719;
82, 0.150391;
83, 0.126953;
84, 0.123047;
85, 0.115234;
86, 0.125;
87, 0.142578;
88, 0.142578;
89, 0.142578;
90, 0.150391;
91, 0.142578;
92, 0.128906;
93, 0.121094;
94, 0.123047;
95, 0.126953;
96, 0.125;
97, 0.117188;
98, 0.136719;
99, 0.134766;
100, 0.128906;
101, 0.134766;
102, 0.119141;
103, 0.097656;
104, 0.095703;
105, 0.103516;
106, 0.107422;
107, 0.095703;
108, 0.095703;
109, 0.101562;
110, 0.09375;
111, 0.089844;
112, 0.101562;
113, 0.101562;
114, 0.105469;
115, 0.123047;
116, 0.117188;
117, 0.119141;
118, 0.126953;
119, 0.138672;
120, 0.132812;
121, 0.134766;
122, 0.136719;
123, 0.140625;
124, 0.126953;
125, 0.130859;
126, 0.125;
127, 0.115234;
128, 0.134766;
129, 0.148438;
130, 0.140625;
131, 0.130859;
132, 0.130859;
133, 0.117188;
134, 0.123047;
135, 0.126953;
136, 0.125;
137, 0.107422;
138, 0.111328;
139, 0.107422;
140, 0.107422;
141, 0.123047;
142, 0.132812;
143, 0.119141;
144, 0.113281;
145, 0.126953;
146, 0.121094;
147, 0.113281;
148, 0.121094;
149, 0.125;
150, 0.125;
151, 0.125;
152, 0.140625;
153, 0.15625;
154, 0.152344;
155, 0.15625;
156, 0.136719;
157, 0.121094;
158, 0.107422;
159, 0.097656;
160, 0.125;
161, 0.126953;
162, 0.132812;
163, 0.130859;
164, 0.162109;
165, 0.150391;
166, 0.140625;
167, 0.123047;
168, 0.121094;
169, 0.121094;
170, 0.103516;
171, 0.113281;
172, 0.107422;
173, 0.097656;
174, 0.107422;
175, 0.087891;
176, 0.101562;
177, 0.113281;
178, 0.113281;
179, 0.113281;
180, 0.113281;
181, 0.111328;
182, 0.117188;
183, 0.107422;
184, 0.111328;
185, 0.126953;
186, 0.125;
187, 0.128906;
188, 0.126953;
189, 0.117188;
190, 0.121094;
191, 0.115234;
192, 0.103516;
193, 0.111328;
194, 0.117188;
195, 0.128906;
196, 0.125;
197, 0.115234;
198, 0.105469;
199, 0.113281;
200, 0.115234;
201, 0.101562;
202, 0.105469;
203, 0.083984;
204, 0.103516;
205, 0.097656;
206, 0.113281;
207, 0.099609;
208, 0.091797;
209, 0.119141;
210, 0.134766;
211, 0.123047;
212, 0.103516;
213, 0.097656;
214, 0.099609;
215, 0.111328;
216, 0.091797;
217, 0.105469;
218, 0.123047;
219, 0.132812;
220, 0.134766;
221, 0.111328;
222, 0.095703;
223, 0.097656;
224, 0.113281;
225, 0.117188;
226, 0.113281;
227, 0.119141;
228, 0.113281;
229, 0.115234;
230, 0.111328;
231, 0.105469;
232, 0.115234;
233, 0.119141;
234, 0.107422;
235, 0.113281;
236, 0.109375;
237, 0.103516;
238, 0.111328;
239, 0.103516;
240, 0.091797;
241, 0.085938;
242, 0.083984;
243, 0.072266;
244, 0.066406;
245, 0.072266;
246, 0.072266;
247, 0.083984;
248, 0.076172;
249, 0.083984;
250, 0.107422;
251, 0.103516;
252, 0.097656;
253, 0.087891;
254, 0.095703;
255, 0.095703;
256, 0.103516;
257, 0.107422;
258, 0.115234;
259, 0.125;
260, 0.132812;
261, 0.117188;
262, 0.119141;
263, 0.117188;
264, 0.128906;
265, 0.121094;
266, 0.099609;
267, 0.091797;
268, 0.103516;
269, 0.095703;
270, 0.095703;
271, 0.107422;
272, 0.117188;
273, 0.119141;
274, 0.109375;
275, 0.119141;
276, 0.115234;
277, 0.107422;
278, 0.095703;
279, 0.082031;
280, 0.091797;
281, 0.109375;
282, 0.121094;
283, 0.099609;
284, 0.078125;
285, 0.080078;
286, 0.095703;
287, 0.091797;
288, 0.107422;
289, 0.109375;
290, 0.103516;
291, 0.097656;
292, 0.09375;
293, 0.09375;
294, 0.109375;
295, 0.115234;
296, 0.121094;
297, 0.111328;
298, 0.099609;
299, 0.099609;
300, 0.101562;
301, 0.109375;
302, 0.111328;
303, 0.123047;
304, 0.113281;
305, 0.115234;
306, 0.111328;
307, 0.103516;
308, 0.105469;
309, 0.125;
310, 0.125;
311, 0.123047;
312, 0.113281;
313, 0.105469;
314, 0.082031;
315, 0.078125;
316, 0.091797;
317, 0.087891;
318, 0.082031;
319, 0.076172;
320, 0.078125;
321, 0.074219;
322, 0.068359;
323, 0.060547;
324, 0.066406;
325, 0.066406;
326, 0.0625;
327, 0.0625;
328, 0.0625;
329, 0.060547;
330, 0.060547;
331, 0.064453;
332, 0.076172;
333, 0.076172;
334, 0.078125;
335, 0.080078;
336, 0.083984;
337, 0.082031;
338, 0.085938;
339, 0.089844;
340, 0.076172;
341, 0.0625;
342, 0.0625;
343, 0.070312;
344, 0.076172;
345, 0.099609;
346, 0.099609;
347, 0.087891;
348, 0.087891;
349, 0.091797;
350, 0.072266;
351, 0.056641;
352, 0.048828;
353, 0.048828;
354, 0.050781;
355, 0.048828;
356, 0.052734;
357, 0.044922;
358, 0.048828;
359, 0.048828;
360, 0.066406;
361, 0.068359;
362, 0.0625;
363, 0.064453;
364, 0.041016;
365, 0.044922;
366, 0.0625;
367, 0.070312;
368, 0.074219;
369, 0.074219;
370, 0.078125;
371, 0.068359;
372, 0.064453;
373, 0.066406;
374, 0.076172;
375, 0.070312;
376, 0.060547;
377, 0.066406;
378, 0.070312;
379, 0.076172;
380, 0.060547;
381, 0.056641;
382, 0.048828;
383, 0.054688;
384, 0.060547;
385, 0.072266;
386, 0.070312;
387, 0.058594;
388, 0.054688;
389, 0.072266;
390, 0.083984;
391, 0.060547;
392, 0.058594;
393, 0.056641;
394, 0.0625;
395, 0.070312;
396, 0.072266;
397, 0.056641;
398, 0.050781;
399, 0.054688;
400, 0.064453;
401, 0.070312;
402, 0.070312;
403, 0.078125;
404, 0.066406;
405, 0.060547;
406, 0.052734;
407, 0.066406;
408, 0.066406;
409, 0.076172;
410, 0.064453;
411, 0.060547;
412, 0.060547;
413, 0.056641;
414, 0.060547;
415, 0.064453;
416, 0.076172;
417, 0.064453;
418, 0.070312;
419, 0.0625;
420, 0.072266;
421, 0.060547;
422, 0.060547;
423, 0.064453;
424, 0.066406;
425, 0.0625;
426, 0.060547;
427, 0.0625;
428, 0.056641;
429, 0.052734;
430, 0.0625;
431, 0.058594;
432, 0.0625;
433, 0.054688;
434, 0.058594;
435, 0.070312;
436, 0.070312;
437, 0.066406;
438, 0.068359;
439, 0.070312;
440, 0.052734;
441, 0.050781;
442, 0.070312;
443, 0.078125;
444, 0.076172;
445, 0.066406;
446, 0.060547;
447, 0.060547;
448, 0.052734;
449, 0.050781;
450, 0.050781;
451, 0.068359;
452, 0.070312;
453, 0.0625;
454, 0.054688;
455, 0.064453;
456, 0.0625;
457, 0.068359;
458, 0.068359;
459, 0.056641;
460, 0.054688;
461, 0.070312;
462, 0.070312;
463, 0.0625;
464, 0.060547;
465, 0.058594;
466, 0.060547;
467, 0.066406;
468, 0.070312;
469, 0.066406;
470, 0.072266;
471, 0.058594;
472, 0.056641;
473, 0.056641;
474, 0.066406;
475, 0.066406;
476, 0.072266;
477, 0.072266;
478, 0.072266;
479, 0.078125;
480, 0.078125;
481, 0.080078;
482, 0.076172;
483, 0.0625;
484, 0.054688;
485, 0.064453;
486, 0.076172;
487, 0.080078;
488, 0.070312;
489, 0.054688;
490, 0.056641;
491, 0.070312;
492, 0.066406;
493, 0.064453;
494, 0.0625;
495, 0.070312;
496, 0.064453;
497, 0.056641;
498, 0.0625;
499, 0.0625;
500, 0.074219;
501, 0.066406;
502, 0.068359;
503, 0.054688;
504, 0.054688;
505, 0.058594;
506, 0.054688;
507, 0.058594;
508, 0.056641;
509, 0.050781;
510, 0.056641;
511, 0.046875;
